Miesiac Rata            Odsetki         Kapital         Pozostale saldo
1       6059.80 3333.33 2726.47 997273.53
2       6059.80 3324.25 2735.56 994537.97
3       6059.80 3315.13 2744.68 991793.30
4       6059.80 3305.98 2753.83 989039.47
5       6059.80 3296.80 2763.01 986276.46
6       6059.80 3287.59 2772.22 983504.25
7       6059.80 3278.35 2781.46 980722.79
8       6059.80 3269.08 2790.73 977932.07
9       6059.80 3259.77 2800.03 975132.04
10      6059.80 3250.44 2809.36 972322.67
11      6059.80 3241.08 2818.73 969503.95
12      6059.80 3231.68 2828.12 966675.82
13      6059.80 3222.25 2837.55 963838.27
14      6059.80 3212.79 2847.01 960991.26
15      6059.80 3203.30 2856.50 958134.76
16      6059.80 3193.78 2866.02 955268.74
17      6059.80 3184.23 2875.57 952393.17
18      6059.80 3174.64 2885.16 949508.01
19      6059.80 3165.03 2894.78 946613.23
20      6059.80 3155.38 2904.43 943708.81
21      6059.80 3145.70 2914.11 940794.70
22      6059.80 3135.98 2923.82 937870.88
23      6059.80 3126.24 2933.57 934937.31
24      6059.80 3116.46 2943.35 931993.97
25      6059.80 3106.65 2953.16 929040.81
26      6059.80 3096.80 2963.00 926077.81
27      6059.80 3086.93 2972.88 923104.93
28      6059.80 3077.02 2982.79 920122.14
29      6059.80 3067.07 2992.73 917129.41
30      6059.80 3057.10 3002.71 914126.71
31      6059.80 3047.09 3012.71 911114.00
32      6059.80 3037.05 3022.76 908091.24
33      6059.80 3026.97 3032.83 905058.41
34      6059.80 3016.86 3042.94 902015.46
35      6059.80 3006.72 3053.09 898962.38
36      6059.80 2996.54 3063.26 895899.12
37      6059.80 2986.33 3073.47 892825.64
38      6059.80 2976.09 3083.72 889741.93
39      6059.80 2965.81 3094.00 886647.93
40      6059.80 2955.49 3104.31 883543.62
41      6059.80 2945.15 3114.66 880428.96
42      6059.80 2934.76 3125.04 877303.92
43      6059.80 2924.35 3135.46 874168.46
44      6059.80 2913.89 3145.91 871022.56
45      6059.80 2903.41 3156.39 867866.16
46      6059.80 2892.89 3166.92 864699.25
47      6059.80 2882.33 3177.47 861521.77
48      6059.80 2871.74 3188.06 858333.71
49      6059.80 2861.11 3198.69 855135.02
50      6059.80 2850.45 3209.35 851925.66
51      6059.80 2839.75 3220.05 848705.61
52      6059.80 2829.02 3230.78 845474.83
53      6059.80 2818.25 3241.55 842233.28
54      6059.80 2807.44 3252.36 838980.92
55      6059.80 2796.60 3263.20 835717.72
56      6059.80 2785.73 3274.08 832443.64
57      6059.80 2774.81 3284.99 829158.65
58      6059.80 2763.86 3295.94 825862.71
59      6059.80 2752.88 3306.93 822555.78
60      6059.80 2741.85 3317.95 819237.83
61      6059.80 2730.79 3329.01 815908.82
62      6059.80 2719.70 3340.11 812568.71
63      6059.80 2708.56 3351.24 809217.47
64      6059.80 2697.39 3362.41 805855.06
65      6059.80 2686.18 3373.62 802481.44
66      6059.80 2674.94 3384.87 799096.57
67      6059.80 2663.66 3396.15 795700.42
68      6059.80 2652.33 3407.47 792292.96
69      6059.80 2640.98 3418.83 788874.13
70      6059.80 2629.58 3430.22 785443.91
71      6059.80 2618.15 3441.66 782002.25
72      6059.80 2606.67 3453.13 778549.12
73      6059.80 2595.16 3464.64 775084.48
74      6059.80 2583.61 3476.19 771608.29
75      6059.80 2572.03 3487.78 768120.52
76      6059.80 2560.40 3499.40 764621.11
77      6059.80 2548.74 3511.07 761110.05
78      6059.80 2537.03 3522.77 757587.28
79      6059.80 2525.29 3534.51 754052.77
80      6059.80 2513.51 3546.29 750506.47
81      6059.80 2501.69 3558.12 746948.36
82      6059.80 2489.83 3569.98 743378.38
83      6059.80 2477.93 3581.88 739796.51
84      6059.80 2465.99 3593.81 736202.69
85      6059.80 2454.01 3605.79 732596.90
86      6059.80 2441.99 3617.81 728979.08
87      6059.80 2429.93 3629.87 725349.21
88      6059.80 2417.83 3641.97 721707.24
89      6059.80 2405.69 3654.11 718053.13
90      6059.80 2393.51 3666.29 714386.83
91      6059.80 2381.29 3678.51 710708.32
92      6059.80 2369.03 3690.78 707017.54
93      6059.80 2356.73 3703.08 703314.47
94      6059.80 2344.38 3715.42 699599.04
95      6059.80 2332.00 3727.81 695871.24
96      6059.80 2319.57 3740.23 692131.00
97      6059.80 2307.10 3752.70 688378.30
98      6059.80 2294.59 3765.21 684613.10
99      6059.80 2282.04 3777.76 680835.34
100     6059.80 2269.45 3790.35 677044.98
101     6059.80 2256.82 3802.99 673242.00
102     6059.80 2244.14 3815.66 669426.33
103     6059.80 2231.42 3828.38 665597.95
104     6059.80 2218.66 3841.14 661756.81
105     6059.80 2205.86 3853.95 657902.86
106     6059.80 2193.01 3866.79 654036.07
107     6059.80 2180.12 3879.68 650156.38
108     6059.80 2167.19 3892.62 646263.77
109     6059.80 2154.21 3905.59 642358.18
110     6059.80 2141.19 3918.61 638439.57
111     6059.80 2128.13 3931.67 634507.90
112     6059.80 2115.03 3944.78 630563.12
113     6059.80 2101.88 3957.93 626605.19
114     6059.80 2088.68 3971.12 622634.07
115     6059.80 2075.45 3984.36 618649.72
116     6059.80 2062.17 3997.64 614652.08
117     6059.80 2048.84 4010.96 610641.12
118     6059.80 2035.47 4024.33 606616.78
119     6059.80 2022.06 4037.75 602579.04
120     6059.80 2008.60 4051.21 598527.83
121     6059.80 1995.09 4064.71 594463.12
122     6059.80 1981.54 4078.26 590384.86
123     6059.80 1967.95 4091.85 586293.01
124     6059.80 1954.31 4105.49 582187.51
125     6059.80 1940.63 4119.18 578068.34
126     6059.80 1926.89 4132.91 573935.43
127     6059.80 1913.12 4146.69 569788.74
128     6059.80 1899.30 4160.51 565628.23
129     6059.80 1885.43 4174.38 561453.86
130     6059.80 1871.51 4188.29 557265.57
131     6059.80 1857.55 4202.25 553063.32
132     6059.80 1843.54 4216.26 548847.06
133     6059.80 1829.49 4230.31 544616.74
134     6059.80 1815.39 4244.41 540372.33
135     6059.80 1801.24 4258.56 536113.77
136     6059.80 1787.05 4272.76 531841.01
137     6059.80 1772.80 4287.00 527554.01
138     6059.80 1758.51 4301.29 523252.72
139     6059.80 1744.18 4315.63 518937.09
140     6059.80 1729.79 4330.01 514607.08
141     6059.80 1715.36 4344.45 510262.63
142     6059.80 1700.88 4358.93 505903.71
143     6059.80 1686.35 4373.46 501530.25
144     6059.80 1671.77 4388.04 497142.21
145     6059.80 1657.14 4402.66 492739.55
146     6059.80 1642.47 4417.34 488322.21
147     6059.80 1627.74 4432.06 483890.15
148     6059.80 1612.97 4446.84 479443.31
149     6059.80 1598.14 4461.66 474981.65
150     6059.80 1583.27 4476.53 470505.12
151     6059.80 1568.35 4491.45 466013.67
152     6059.80 1553.38 4506.42 461507.25
153     6059.80 1538.36 4521.45 456985.80
154     6059.80 1523.29 4536.52 452449.28
155     6059.80 1508.16 4551.64 447897.64
156     6059.80 1492.99 4566.81 443330.83
157     6059.80 1477.77 4582.03 438748.80
158     6059.80 1462.50 4597.31 434151.49
159     6059.80 1447.17 4612.63 429538.86
160     6059.80 1431.80 4628.01 424910.85
161     6059.80 1416.37 4643.43 420267.42
162     6059.80 1400.89 4658.91 415608.51
163     6059.80 1385.36 4674.44 410934.07
164     6059.80 1369.78 4690.02 406244.04
165     6059.80 1354.15 4705.66 401538.39
166     6059.80 1338.46 4721.34 396817.04
167     6059.80 1322.72 4737.08 392079.96
168     6059.80 1306.93 4752.87 387327.09
169     6059.80 1291.09 4768.71 382558.38
170     6059.80 1275.19 4784.61 377773.77
171     6059.80 1259.25 4800.56 372973.21
172     6059.80 1243.24 4816.56 368156.66
173     6059.80 1227.19 4832.61 363324.04
174     6059.80 1211.08 4848.72 358475.32
175     6059.80 1194.92 4864.89 353610.43
176     6059.80 1178.70 4881.10 348729.33
177     6059.80 1162.43 4897.37 343831.96
178     6059.80 1146.11 4913.70 338918.26
179     6059.80 1129.73 4930.08 333988.19
180     6059.80 1113.29 4946.51 329041.68
181     6059.80 1096.81 4963.00 324078.68
182     6059.80 1080.26 4979.54 319099.14
183     6059.80 1063.66 4996.14 314103.00
184     6059.80 1047.01 5012.79 309090.21
185     6059.80 1030.30 5029.50 304060.70
186     6059.80 1013.54 5046.27 299014.43
187     6059.80 996.71  5063.09 293951.35
188     6059.80 979.84  5079.97 288871.38
189     6059.80 962.90  5096.90 283774.48
190     6059.80 945.91  5113.89 278660.59
191     6059.80 928.87  5130.93 273529.66
192     6059.80 911.77  5148.04 268381.62
193     6059.80 894.61  5165.20 263216.42
194     6059.80 877.39  5182.42 258034.01
195     6059.80 860.11  5199.69 252834.32
196     6059.80 842.78  5217.02 247617.30
197     6059.80 825.39  5234.41 242382.88
198     6059.80 807.94  5251.86 237131.02
199     6059.80 790.44  5269.37 231861.66
200     6059.80 772.87  5286.93 226574.73
201     6059.80 755.25  5304.55 221270.17
202     6059.80 737.57  5322.24 215947.94
203     6059.80 719.83  5339.98 210607.96
204     6059.80 702.03  5357.78 205250.18
205     6059.80 684.17  5375.64 199874.55
206     6059.80 666.25  5393.55 194480.99
207     6059.80 648.27  5411.53 189069.46
208     6059.80 630.23  5429.57 183639.89
209     6059.80 612.13  5447.67 178192.22
210     6059.80 593.97  5465.83 172726.39
211     6059.80 575.75  5484.05 167242.34
212     6059.80 557.47  5502.33 161740.01
213     6059.80 539.13  5520.67 156219.34
214     6059.80 520.73  5539.07 150680.27
215     6059.80 502.27  5557.54 145122.73
216     6059.80 483.74  5576.06 139546.67
217     6059.80 465.16  5594.65 133952.02
218     6059.80 446.51  5613.30 128338.73
219     6059.80 427.80  5632.01 122706.72
220     6059.80 409.02  5650.78 117055.94
221     6059.80 390.19  5669.62 111386.32
222     6059.80 371.29  5688.52 105697.81
223     6059.80 352.33  5707.48 99990.33
224     6059.80 333.30  5726.50 94263.83
225     6059.80 314.21  5745.59 88518.24
226     6059.80 295.06  5764.74 82753.49
227     6059.80 275.84  5783.96 76969.53
228     6059.80 256.57  5803.24 71166.30
229     6059.80 237.22  5822.58 65343.71
230     6059.80 217.81  5841.99 59501.72
231     6059.80 198.34  5861.46 53640.26
232     6059.80 178.80  5881.00 47759.26
233     6059.80 159.20  5900.61 41858.65
234     6059.80 139.53  5920.27 35938.38
235     6059.80 119.79  5940.01 29998.37
236     6059.80 99.99   5959.81 24038.56
237     6059.80 80.13   5979.67 18058.88
238     6059.80 60.20   5999.61 12059.28
239     6059.80 40.20   6019.61 6039.67
240     6059.80 20.13   6039.67 0.00
